    5      2016        55         MEC2T2   12  4.5   13 2017    1
   39      2015        12         FIS229  304    6    8 2017    1
   39      2015        12         FIS220  304  4.5    9 2018    2
    4      2018        12         MEC209   12 5.25    8 2020    1
    4      2018        12         INF263   55 3.75   17 2019    0
 8674      2016        55         MEC2T2   12  4.5   18 2019    1
  300      2017        55         FIS203  304  4.5   12 2018    2
   73      2017        55         FIS247  304  4.5   12 2018    2
 6358      2016      1920         MEC286   12 4.25   14 2020    1
 6358      2016      1920         INF281   55    5   16 2017    2
 6358      2016      1920         FIS208  304  4.5   17 2019    0
  159      2016      1920         INF245   55    4   18 2019    2
  896      2018        12         MAT241 1920    3   20 2019    2
 6560      2018        55         MAT241 1920    3   17 2019    0
 7495      2016        12         MEC209   12 5.25   10 2020    1
 7495      2016        12         INF245   55    4   12 2019    0
 7495      2016        12         MEC206   12  4.5    9 2019    1
 7495      2016        12         MEC373   12    3   20 2017    1
  558      2016        12         MAT218 1920  4.5   12 2017    2
  558      2016        12         INF248   55    5    8 2019    2
 2988      2015      1920         MEC209   12 5.25   15 2017    1
 2988      2015      1920         MAT241 1920    3   19 2020    2
  724      2016        55         MEC2T3   12    1   20 2020    1
   83      2016        55         MEC209   12 5.25   17 2018    2
   83      2016        55         MEC206   12  4.5   15 2019    2
   83      2016        55         FIS227  304  4.5   12 2020    2
  989      2018        12         FIS218  304  4.5   14 2020    0
  989      2018        12         MEC206   12  4.5   15 2019    2
    5      2016        55         MAT219 1920  4.5   20 2019    1
  575      2015        12         FIS208  304  4.5   14 2020    0
  575      2015        12         MEC206   12  4.5    9 2019    1
  575      2015        12         FIS227  304  4.5    8 2017    1
   39      2015        12         FIS229  304    6    8 2019    0
    4      2018        12         FIS248  304  4.5   11 2020    1
    4      2018        12         MEC269   12    1   11 2019    0
 8674      2016        55         FIS208  304  4.5   10 2020    2
  300      2017        55         MAT781 1920    3    9 2020    1
  703      2018       304         MEC373   12    3   14 2019    2
 6358      2016      1920         INF220   55    5   14 2018    2
  896      2018        12         FIS227  304  4.5   13 2019    1
 6560      2018        55         INF220   55    5   12 2019    1
 8880      2019      1920         INF263   55 3.75   15 2020    2
 7495      2016        12         FIS218  304  4.5   11 2020    2
 7495      2016        12         MEC209   12 5.25    9 2019    0
  558      2016        12         INF263   55 3.75   11 2017    1
   60      2017       304         INF282   55    5    9 2019    2
 2988      2015      1920         MEC2T3   12    1   18 2019    1
 2988      2015      1920         MEC2T3   12    1   10 2020    1
  724      2016        55         INF250   55    5   10 2017    1
   83      2016        55         FIS227  304  4.5   12 2020    2
   83      2016        55         FIS219  304  4.5   14 2017    0
   83      2016        55         MAT241 1920    3    9 2018    1
  193      2015        12         INF248   55    5   10 2019    1
  193      2015        12         MEC269   12    1   14 2017    1
    5      2016        55         INF246   55 3.75   15 2018    1
    5      2016        55         INF282   55    5   19 2018    2
  575      2015        12         FIS220  304  4.5   16 2019    2
  575      2015        12         INF239   55    4   12 2018    1
    4      2018        12         INF263   55 3.75   19 2019    2
 8674      2016        55         INF263   55 3.75   11 2020    1
 8674      2016        55         FIS218  304  4.5   19 2018    2
  300      2017        55         MAT219 1920  4.5   10 2018    2
  300      2017        55         MEC209   12 5.25   15 2018    1
   73      2017        55         MEC289   12 4.25   14 2020    2
   73      2017        55         INF245   55    4   18 2020    0
 6358      2016      1920         FIS248  304  4.5   14 2019    1
  896      2018        12         FIS230  304    3    9 2019    1
 3204      2016        55         INF220   55    5   20 2017    2
 4267      2016       304         MEC2T2   12  4.5   19 2019    2
 4267      2016       304         INF239   55    4   14 2018    2
 7495      2016        12         MEC373   12    3    8 2017    1
  558      2016        12         INF250   55    5   19 2017    2
   13      2018       304         FIS203  304  4.5   14 2020    0
   13      2018       304         MEC206   12  4.5   11 2020    1
   60      2017       304         FIS239  304  4.5   13 2019    1
   60      2017       304         FIS248  304  4.5   16 2018    1
 2988      2015      1920         FIS227  304  4.5    8 2019    2
  724      2016        55         INF239   55    4   15 2017    2
  724      2016        55         MEC269   12    1   14 2018    0
  724      2016        55         FIS229  304    6    9 2019    1
   73      2019      1920         INF263   55 3.75    8 2020    2
   83      2016        55         INF263   55 3.75   13 2020    0
   83      2016        55         FIS208  304  4.5   16 2019    2
   83      2016        55         INF246   55 3.75    9 2018    2
  193      2015        12         INF246   55 3.75    9 2016    1
  575      2015        12         MAT241 1920    3   10 2020    2
  575      2015        12         FIS220  304  4.5   16 2017    1
  575      2015        12         FIS203  304  4.5   12 2018    0
   39      2015        12         MEC2T3   12    1   20 2017    2
 8674      2016        55         INF238   55    4    8 2020    1
   73      2017        55         INF263   55 3.75   15 2019    2
   73      2017        55         MEC206   12  4.5   12 2019    2
 6358      2016      1920         MEC373   12    3    8 2019    1
 6358      2016      1920         MAT781 1920    3   14 2020    2
  159      2016      1920         MEC286   12 4.25   10 2018    1
  159      2016      1920         INF220   55    5   20 2017    1
  896      2018        12         MAT241 1920    3   11 2019    1
 6560      2018        55         INF245   55    4   12 2019    2
 6560      2018        55         INF220   55    5   20 2020    1
   11      2019      1920         MEC206   12  4.5   13 2020    0
 3204      2016        55         MAT781 1920    3    8 2018    2
  558      2016        12         INF282   55    5   14 2020    0
   13      2018       304         FIS230  304    3   14 2019    1
   60      2017       304         MEC269   12    1    9 2019    1
   60      2017       304         INF263   55 3.75   17 2018    1
 2988      2015      1920         FIS239  304  4.5   13 2020    2
  724      2016        55         FIS219  304  4.5   10 2019    1
  724      2016        55         FIS220  304  4.5   18 2019    2
   83      2016        55         MAT781 1920    3   12 2017    1
   83      2016        55         FIS203  304  4.5   17 2017    0
  193      2015        12         FIS247  304  4.5   11 2020    0
    5      2016        55         INF220   55    5   12 2018    2
  575      2015        12         FIS247  304  4.5   16 2018    1
   39      2015        12         FIS227  304  4.5   14 2017    1
   39      2015        12         FIS229  304    6   14 2016    2
   39      2015        12         MEC373   12    3   18 2017    2
 8674      2016        55         FIS218  304  4.5   13 2018    1
 8674      2016        55         FIS229  304    6    9 2019    1
  300      2017        55         MEC2T2   12  4.5    9 2018    0
  300      2017        55         INF281   55    5   10 2018    1
  300      2017        55         MEC269   12    1   19 2020    2
 6358      2016      1920         MAT219 1920  4.5   20 2019    1
 6358      2016      1920         FIS247  304  4.5   13 2018    2
  159      2016      1920         MEC209   12 5.25   13 2019    2
  896      2018        12         INF238   55    4   16 2020    2
  896      2018        12         FIS230  304    3   19 2019    0
 6560      2018        55         MAT781 1920    3   19 2019    2
